3.693073e-04
3.512576e-04
5.520222e-04
3.830409e-04
2.716634e-04
2.924209e-04
2.844114e-04
2.901101e-04
3.396940e-04
3.703282e-04
2.896690e-04
4.382007e-04
4.302077e-04
3.149576e-04
3.492713e-04
2.683072e-04
6.026900e-04
3.519769e-04
2.778745e-04
2.558544e-04
2.751198e-04
3.227427e-04
3.274531e-04
3.913629e-04
4.547913e-04
3.400214e-04
2.859883e-04
2.574060e-04
2.682402e-04
2.581284e-04
4.340847e-04
3.719869e-04
2.930634e-04
5.441387e-04
2.447705e-04
3.496618e-04
2.474201e-04
4.314275e-04
3.550951e-04
3.213246e-04
4.350822e-04
2.524481e-04
4.917002e-04
2.469389e-04
3.354750e-04
2.842488e-04
2.830882e-04
3.756738e-04
3.992443e-04
3.442292e-04
3.110001e-04
4.314718e-04
2.809751e-04
3.209529e-04
3.477566e-04
2.856390e-04
3.912928e-04
2.634227e-04
4.322484e-04
2.807395e-04
5.515904e-04
2.825005e-04
3.067162e-04
3.875082e-04
3.358214e-04
2.535095e-04
4.050736e-04
3.059216e-04
3.026247e-04
3.850367e-04
4.572415e-04
6.115260e-04
3.749318e-04
4.448550e-04
3.846300e-04
4.970610e-04
2.976315e-04
3.104539e-04
2.699828e-04
3.649783e-04
4.733438e-04
2.610490e-04
5.456831e-04
4.756961e-04
2.671070e-04
3.349669e-04
3.431149e-04
3.143885e-04
3.480966e-04
2.853799e-04
3.600354e-04
3.399177e-04
4.335723e-04
3.393981e-04
2.953300e-04
2.606161e-04
3.461087e-04
5.629940e-04
4.742479e-04
2.930458e-04
3.315048e-04
3.050871e-04
3.684857e-04
3.018248e-04
3.288805e-04
2.764900e-04
3.725536e-04
3.553109e-04
2.746172e-04
2.635491e-04
2.214856e-04
3.225951e-04
3.273304e-04
3.682592e-04
3.246477e-04
2.588651e-04
2.766557e-04
3.256142e-04
6.050162e-04
3.906920e-04
2.931750e-04
4.267244e-04
2.722549e-04
4.023747e-04
3.117809e-04
3.260064e-04
3.115447e-04
4.962752e-04
3.273435e-04
3.544195e-04
2.406855e-04
2.993445e-04
3.526380e-04
3.736451e-04
5.335896e-04
4.896822e-04
3.302944e-04
2.356386e-04
3.122251e-04
3.557360e-04
5.588555e-04
3.177986e-04
2.963433e-04
4.144177e-04
2.877364e-04
3.083587e-04
2.908471e-04
4.088578e-04
3.480310e-04
3.400061e-04
3.984952e-04
2.671430e-04
2.643921e-04
2.828777e-04
3.410861e-04
5.617826e-04
2.883296e-04
2.740216e-04
2.989912e-04
4.475038e-04
3.349774e-04
3.240702e-04
2.841282e-04
2.832394e-04
6.543069e-04
3.274033e-04
4.544599e-04
3.699059e-04
3.452725e-04
3.107958e-04
3.042846e-04
4.221597e-04
3.312535e-04
3.852615e-04
2.651396e-04
2.657340e-04
2.616577e-04
3.875098e-04
3.306196e-04
4.086747e-04
2.915010e-04
2.914572e-04
4.626324e-04
3.343618e-04
3.164480e-04
4.238086e-04
2.674978e-04
5.494766e-04
4.554181e-04
3.863280e-04
2.973328e-04
4.437451e-04
4.352460e-04
2.513921e-04
3.768690e-04
8.879802e-04
3.125947e-04
3.126252e-04
2.624567e-04
5.537019e-04
2.049744e-04
2.046502e-04
2.706478e-04
2.205777e-04
2.576001e-04
2.124655e-04
1.707194e-04
2.144651e-04
2.145016e-04
1.925220e-04
1.858699e-04
2.450652e-04
2.624884e-04
2.246382e-04
2.158570e-04
2.981102e-04
2.275319e-04
2.227335e-04
2.859483e-04
2.608302e-04
2.376916e-04
2.378371e-04
2.643306e-04
2.069411e-04
2.781522e-04
2.689450e-04
2.334337e-04
2.715333e-04
2.432566e-04
2.284591e-04
2.365751e-04
2.817931e-04
2.403328e-04
2.596745e-04
2.136161e-04
1.777289e-04
2.714922e-04
2.420573e-04
1.687360e-04
1.770277e-04
2.367535e-04
2.258568e-04
2.734058e-04
2.467835e-04
3.163843e-04
2.127500e-04
2.811601e-04
3.432667e-04
1.949401e-04
2.186098e-04
2.568862e-04
2.698462e-04
1.926589e-04
2.066150e-04
2.356000e-04
2.130194e-04
2.388005e-04
2.464397e-04
2.559075e-04
2.579851e-04
1.583371e-04
1.943822e-04
3.174891e-04
1.975782e-04
2.370822e-04
4.240642e-04
2.537177e-04
2.668669e-04
2.058468e-04
2.139199e-04
2.879107e-04
2.593594e-04
1.959059e-04
2.292228e-04
2.107470e-04
3.038507e-04
2.062080e-04
2.440002e-04
2.603519e-04
3.074930e-04
2.739701e-04
2.453482e-04
2.749839e-04
2.847543e-04
2.283008e-04
2.604084e-04
2.638810e-04
3.065410e-04
2.693474e-04
2.569053e-04
2.554188e-04
2.452862e-04
2.420714e-04
2.598441e-04
1.747758e-04
2.993634e-04
2.598388e-04
2.401147e-04
2.584753e-04
2.310297e-04
